Testing MyArrayList:
Statistics Summary:
Mean: 12.05
Variance: 22.08
Max: 20.00
Min: 5.30
Ranks: 18 20 4 31 5 8 11 22 26 17 10 22 2 21 18 24 29 13 16 29 13 32 12 3 5 25 33 26 1 7 28 9 15 0 
Search for 6.77: Index -1
Search for 10.0: Index -1
Original data: [13.2 13.3 6.4 19.1 6.5 7.3 9.1 14.5 16.9 12.6 7.7 14.5 5.5 14.3 13.2 15.0 18.0 9.6 11.5 18.0 9.6 19.3 9.3 5.7 6.5 16.2 20.0 16.9 5.3 6.7 17.7 7.4 11.0]
Sorted data: [5.3 5.5 5.7 6.4 6.5 6.5 6.7 7.2 7.3 7.4 7.7 9.1 9.3 9.6 9.6 11.0 11.5 12.6 13.2 13.2 13.3 14.3 14.5 14.5 15.0 16.2 16.9 16.9 17.7 18.0 18.0 19.1 19.3]

Testing MyLinkedList:
Statistics Summary:
Mean: 11.25
Variance: 42.35
Max: 19.70
Min: 1.10
Ranks: 19 4 6 29 26 4 23 15 28 10 16 21 25 7 8 14 24 12 9 18 20 2 13 11 17 22 1 3 27 0 
Search for 12.25: Index -1
Search for 10.0: Index -1
Original data: [14.9 2.8 3.4 19.7 19.1 2.8 17.4 12.7 19.6 7.3 12.8 17.0 18.6 3.8 4.8 12.6 18.5 9.2 6.7 14.7 16.3 1.4 9.3 7.4 13.3 17.2 1.1 2.3 19.5]
Sorted data: [1.1 1.4 2.3 2.8 2.8 3.4 3.8 4.8 6.7 7.3 7.4 9.2 9.3 12.6 12.7 12.8 13.3 13.6 14.7 14.9 16.3 17.0 17.2 17.4 18.5 18.6 19.1 19.5 19.6]
