Testing MyArrayList:
Statistics Summary:
Mean: 12.78
Variance: 13.12
Max: 19.10
Min: 5.20
Ranks: 3 1 27 42 23 17 36 2 15 21 17 42 5 33 38 31 10 8 19 44 6 12 12 35 4 45 16 28 47 38 46 7 40 19 14 23 23 33 31 11 37 22 23 9 30 47 29 41 49 0 
Search for 18.14: Index -1
Search for 10.0: Index -1
Original data: [6.5 5.2 12.9 16.7 12.4 11.3 15.3 6.1 10.5 11.8 11.3 16.7 7.9 15.0 16.2 14.7 9.3 8.9 11.5 17.7 8.3 9.9 9.9 15.1 7.6 18.1 11.1 13.0 18.6 16.2 18.3 8.7 16.5 11.5 10.4 12.4 12.4 15.0 14.7 9.7 15.4 11.9 12.4 9.2 13.9 18.6 13.6 16.6 19.1]
Sorted data: [5.2 6.1 6.5 7.6 7.9 8.3 8.7 8.9 9.2 9.3 9.7 9.9 9.9 10.4 10.5 11.1 11.3 11.3 11.5 11.5 11.8 11.9 12.4 12.4 12.4 12.4 12.9 13.0 13.3 13.6 13.9 14.7 14.7 15.0 15.0 15.1 15.3 15.4 16.2 16.2 16.5 16.6 16.7 16.7 17.7 18.1 18.3 18.6 18.6]

Testing MyLinkedList:
Statistics Summary:
Mean: 12.10
Variance: 19.92
Max: 19.50
Min: 5.50
Ranks: 20 41 42 3 21 34 43 28 32 6 10 23 11 21 43 9 35 36 27 13 36 19 33 31 17 38 3 14 15 1 29 25 18 43 7 8 26 5 40 30 39 16 23 11 1 0 
Search for 8.64: Index -1
Search for 10.0: Index -1
Original data: [11.7 18.2 18.5 5.6 11.9 15.7 19.5 13.4 15.0 6.1 6.8 12.2 7.2 11.9 19.5 6.5 16.0 16.7 13.1 8.3 16.7 11.5 15.1 14.5 10.9 16.9 5.6 10.1 10.5 5.5 14.0 12.6 11.2 19.5 6.3 6.4 12.7 5.9 17.9 14.3 17.2 10.6 12.2 7.2 5.5]
Sorted data: [5.5 5.5 5.6 5.6 5.9 6.1 6.3 6.4 6.5 6.8 7.2 7.2 7.4 8.3 10.1 10.5 10.6 10.9 11.2 11.5 11.7 11.9 11.9 12.2 12.2 12.6 12.7 13.1 13.4 14.0 14.3 14.5 15.0 15.1 15.7 16.0 16.7 16.7 16.9 17.2 17.9 18.2 18.5 19.5 19.5]
