Testing MyArrayVector:
Start: [8.0 10.0 14.0 15.0 13.0 9.0 6.0 6.0]
Norm: 30.11644069275119
Other: [3.0 6.0 3.0 7.0 2.0 2.0 4.0 6.0]
Dot: 335.0
Equal: false
Scaled x2: [16.0 20.0 28.0 30.0 26.0 18.0 12.0 12.0]
Squared: [256.0 400.0 784.0 900.0 676.0 324.0 144.0 144.0]
Minus 3: [253.0 397.0 781.0 897.0 673.0 321.0 141.0 141.0]
Added 1.5: [257.5 401.5 785.5 901.5 677.5 325.5 145.5 145.5]
Added vec: [260.5 407.5 788.5 908.5 679.5 327.5 149.5 151.5]
Added 1: [258.5 402.5 786.5 902.5 678.5 326.5 146.5 146.5]
Set 1st to 7: [7.0 401.5 785.5 901.5 677.5 325.5 145.5 145.5]
Removed 1st: [401.5 785.5 901.5 677.5 325.5 145.5 145.5]
Inserted 5.5 at 0: [5.5 401.5 785.5 901.5 677.5 325.5 145.5 145.5]
Inserted 6.5: [5.5 401.5 785.5 901.5 677.5 325.5 145.5 145.5 6.5]
Extracted [0, last]: [5.5 901.5]

Testing MyListVector:
Start: [8.0 13.0 9.0 7.0 14.0 11.0 7.0 7.0 8.0 13.0 9.0 8.0]
Norm: 34.0
Other: [3.0 6.0 4.0 3.0 6.0 4.0 5.0 6.0 5.0 6.0 6.0 5.0]
Dot: 576.0
Equal: false
Scaled x2: [16.0 26.0 18.0 14.0 28.0 22.0 14.0 14.0 16.0 26.0 18.0 16.0]
Squared: [256.0 676.0 324.0 196.0 784.0 484.0 196.0 196.0 256.0 676.0 324.0 256.0]
Minus 3: [253.0 673.0 321.0 193.0 781.0 481.0 193.0 193.0 253.0 673.0 321.0 253.0]
Added 1.5: [257.5 677.5 325.5 197.5 785.5 485.5 197.5 197.5 257.5 677.5 325.5 257.5]
Added vec: [260.5 683.5 329.5 200.5 791.5 489.5 202.5 203.5 262.5 683.5 331.5 262.5]
Added 1: [258.5 678.5 326.5 198.5 786.5 486.5 198.5 198.5 258.5 678.5 326.5 258.5]
Set 1st to 7: [7.0 677.5 325.5 197.5 785.5 485.5 197.5 197.5 257.5 677.5 325.5 257.5]
Removed 1st: [677.5 325.5 197.5 785.5 485.5 197.5 197.5 257.5 677.5 325.5 257.5]
Inserted 5.5 at 0: [5.5 677.5 325.5 197.5 785.5 485.5 197.5 197.5 257.5 677.5 325.5 257.5]
Inserted 6.5: [5.5 677.5 325.5 197.5 785.5 485.5 197.5 197.5 257.5 677.5 325.5 257.5 6.5]
Extracted [0, last]: [5.5 785.5]
